public/wind-global.json
{"header": { "discipline":0, "disciplineName":"Meteorological products", "gribEdition":2, "gribLength":52762, "center":7, "centerName":"US National Weather Service - NCEP(WMC)", "subcenter":0, "refTime":"2026-07-07T00:00:00.000Z", "significanceOfRT":1, "significanceOfRTName":"Start of forecast", "productStatus":0, "productStatusName":"Operational products", "productType":1, "productTypeName":"Forecast products", "productDefinitionTemplate":0, "productDefinitionTemplateName":"Analysis/forecast at horizontal level/layer at a point in time", "parameterCategory":2, "parameterCategoryName":"Momentum", "parameterNumber":2, "parameterNumberName":"U-component_of_wind", "parameterUnit":"m.s-1", "genProcessType":2, "genProcessTypeName":"Forecast", "forecastTime":0, "surface1Type":103, "surface1TypeName":"Specified height level above ground", "surface1Value":10.0, "surface2Type":255, "surface2TypeName":"Missing", "surface2Value":0.0, "gridDefinitionTemplate":0, "gridDefinitionTemplateName":"Latitude_Longitude", "numberPoints":65160, "shape":6, "shapeName":"Earth spherical with radius of 6,371,229.0 m", "gridUnits":"degrees", "resolution":48, "winds":"true", "scanMode":0, "nx":360, "ny":181, "basicAngle":0, "lo1":0.0, "la1":90.0, "lo2":359.0, "la2":-90.0, "dx":1.0, "dy":1.0 }, "data":
[rows 104 to 129 of 181, columns 232 to 289 of 360]
-0.8281189,-1.0281188,-1.0281188,-1.3281189,0.5718811,-3.5281188,-4.628119,-2.5281188,-2.3281188,-3.228119,-1.928119,-3.428119,-2.928119,-3.3281188,-3.928119,-5.628119,-4.328119,-3.8281188,-4.4281187,-4.9281187,-4.4281187,-4.728119,-4.728119,-5.028119,-5.628119,-5.328119,-5.628119,-6.128119,-6.528119,-6.528119,-6.728119,-6.828119,-7.4281187,-7.4281187,-7.728119,-7.128119,-7.628119,-7.628119,-7.628119,-7.128119,-6.9281187,-6.328119,-6.328119,-6.228119,-6.828119,-6.128119,-5.9281187,-5.728119,-6.028119,-6.828119,-6.828119,-6.028119,0.9718811,-1.428119,0.9718811,-2.128119,1.1718811,0.3718811
-0.2281189,0.6718811,-0.42811888,-0.1281189,-0.8281189,-1.928119,-2.8281188,-1.6281189,-0.2281189,-0.7281189,-1.3281189,-2.3281188,-2.128119,-2.8281188,-3.628119,-2.428119,-3.5281188,-3.5281188,-3.128119,-2.3281188,-3.928119,-3.928119,-3.928119,-4.828119,-4.828119,-5.4281187,-4.828119,-5.528119,-5.828119,-6.128119,-5.828119,-6.4281187,-6.828119,-7.028119,-7.228119,-7.228119,-6.728119,-7.228119,-7.128119,-7.328119,-6.528119,-6.628119,-5.228119,-6.228119,-6.4281187,-6.728119,-6.028119,-5.728119,-5.628119,-6.628119,-6.828119,-6.828119,-6.228119,-0.2281189,-0.42811888,1.1718811,1.1718811,1.7718811
0.3718811,1.3718811,1.071881,-0.5281189,-1.6281189,-0.9281189,-0.028118897,0.6718811,0.0718811,0.2718811,0.7718811,0.7718811,-1.1281189,-2.228119,-1.7281189,-1.6281189,-0.8281189,-0.8281189,-0.8281189,-2.8281188,-3.3281188,-3.628119,-3.428119,-3.728119,-3.728119,-4.628119,-4.9281187,-4.828119,-4.4281187,-5.228119,-5.4281187,-6.328119,-6.328119,-6.328119,-6.728119,-6.828119,-6.728119,-6.528119,-6.9281187,-6.628119,-6.828119,-6.4281187,-5.828119,-5.228119,-6.728119,-6.628119,-6.9281187,-5.828119,-5.728119,-6.228119,-6.4281187,-6.828119,-6.728119,-6.628119,-0.7281189,-0.9281189,-1.2281189,2.9718812
2.6718812,0.9718811,2.071881,2.771881,1.4718812,-0.1281189,0.5718811,1.7718811,0.2718811,0.0718811,2.9718812,2.771881,1.7718811,-0.2281189,-2.8281188,-1.1281189,-0.8281189,-0.028118897,-0.8281189,-0.3281189,-1.5281188,-2.3281188,-1.7281189,-1.5281188,-3.0281188,-2.928119,-4.828119,-4.228119,-3.3281188,-5.028119,-4.9281187,-5.328119,-5.528119,-5.9281187,-6.128119,-6.128119,-5.9281187,-6.228119,-5.628119,-6.128119,-6.228119,-6.328119,-5.9281187,-5.028119,-6.028119,-6.728119,-6.628119,-6.328119,-5.628119,-6.028119,-6.228119,-5.828119,-5.828119,-5.4281187,-4.528119,-3.228119,-1.3281189,-1.3281189
4.871881,4.271881,2.4718812,2.6718812,2.6718812,2.271881,2.071881,2.271881,2.871881,1.071881,-0.8281189,-1.0281188,-0.3281189,0.3718811,-1.1281189,-2.0281188,-0.42811888,-0.9281189,-0.9281189,0.7718811,0.0718811,0.5718811,0.6718811,0.0718811,-1.5281188,-1.6281189,-2.228119,-2.8281188,-3.8281188,-3.728119,-3.428119,-4.728119,-4.728119,-4.228119,-4.828119,-5.528119,-5.728119,-5.228119,-5.628119,-5.528119,-6.328119,-5.9281187,-6.028119,-5.528119,-5.628119,-7.128119,-6.328119,-6.728119,-5.9281187,-5.9281187,-5.628119,-4.628119,-4.828119,-4.128119,-3.728119,-2.228119,-1.2281189,-0.6281189
6.0718813,5.371881,4.371881,2.571881,3.6718812,3.071881,3.1718812,3.271881,3.071881,3.1718812,4.471881,1.7718811,0.7718811,-0.6281189,1.1718811,-0.6281189,-0.9281189,-0.3281189,1.071881,1.4718812,2.771881,1.8718811,0.4718811,0.6718811,-0.6281189,-0.2281189,-2.5281188,-2.728119,-2.228119,-3.628119,-2.8281188,-3.228119,-2.628119,-2.728119,-5.228119,-5.828119,-5.128119,-4.9281187,-5.028119,-5.328119,-5.728119,-5.828119,-5.828119,-5.328119,-6.128119,-6.828119,-6.128119,-6.528119,-5.828119,-6.028119,-5.528119,-4.9281187,-4.528119,-3.928119,-3.0281188,-1.928119,-1.2281189,0.2718811
5.771881,6.371881,5.671881,4.5718813,4.371881,3.9718812,4.471881,4.271881,4.0718813,3.9718812,4.371881,4.871881,3.9718812,3.4718812,2.771881,1.7718811,0.3718811,0.5718811,1.6718811,2.4718812,3.371881,2.071881,2.071881,0.8718811,1.3718811,-0.5281189,-0.7281189,-1.2281189,0.17188111,-0.8281189,-2.0281188,-2.5281188,-1.5281188,-3.728119,-5.228119,-4.828119,-3.428119,-5.028119,-5.128119,-5.628119,-5.828119,-5.328119,-5.728119,-5.528119,-5.828119,-6.228119,-6.228119,-6.4281187,-5.9281187,-5.628119,-5.228119,-4.728119,-4.728119,-4.128119,-2.8281188,-1.6281189,-1.5281188,-0.1281189
9.071881,6.471881,6.371881,6.471881,5.971881,5.771881,5.0718813,4.771881,5.0718813,5.671881,4.971881,5.771881,4.671881,5.371881,5.871881,5.671881,3.271881,2.6718812,2.571881,3.6718812,3.9718812,4.471881,3.1718812,2.871881,1.7718811,0.5718811,1.071881,0.3718811,1.7718811,-0.7281189,-1.428119,-2.128119,-3.928119,-3.728119,-2.8281188,-4.128119,-3.0281188,-4.228119,-4.528119,-5.828119,-6.128119,-5.228119,-4.9281187,-5.9281187,-4.628119,-5.728119,-6.4281187,-6.228119,-6.128119,-5.128119,-4.728119,-4.128119,-4.528119,-4.528119,-3.3281188,-2.0281188,-1.428119,-0.2281189
0.8718811,8.071881,7.771881,7.171881,7.5718813,7.871881,7.671881,6.771881,6.271881,6.5718813,6.0718813,5.971881,6.0718813,5.771881,5.271881,5.771881,6.471881,5.271881,4.671881,4.171881,5.271881,4.671881,4.371881,4.0718813,2.4718812,3.271881,2.6718812,0.17188111,1.071881,0.0718811,-0.8281189,-1.7281189,-2.0281188,-1.3281189,-2.0281188,-3.628119,-2.5281188,-2.8281188,-4.9281187,-4.328119,-4.9281187,-5.4281187,-4.528119,-4.228119,-4.628119,-5.4281187,-6.028119,-5.328119,-6.128119,-5.228119,-4.4281187,-3.628119,-3.8281188,-3.228119,-3.128119,-1.8281189,-1.2281189,0.4718811
-3.428119,-1.0281188,-1.928119,-4.228119,-2.728119,9.3718815,8.671881,8.771881,9.171881,8.471881,7.671881,6.771881,6.5718813,6.671881,6.5718813,6.771881,6.5718813,7.171881,7.171881,5.671881,5.371881,5.671881,5.771881,5.0718813,4.0718813,3.871881,3.9718812,1.571881,1.8718811,2.271881,2.371881,-0.1281189,-1.6281189,-0.42811888,-0.8281189,-1.5281188,-2.728119,-2.128119,-2.728119,-2.928119,-1.928119,-6.228119,-5.128119,-4.628119,-4.128119,-4.828119,-5.128119,-5.028119,-5.728119,-5.128119,-4.028119,-3.928119,-3.428119,-2.728119,-2.0281188,-1.6281189,-1.5281188,0.0718811
-6.828119,-5.328119,-5.528119,-4.9281187,-5.728119,-3.128119,-4.228119,-3.428119,-3.128119,-1.5281188,2.571881,10.271881,9.271881,9.171881,8.471881,7.871881,8.3718815,8.171881,8.071881,7.5718813,7.771881,6.671881,5.971881,6.471881,4.971881,3.871881,5.171881,4.171881,1.9718812,2.4718812,3.271881,3.071881,-0.5281189,1.071881,0.5718811,0.17188111,-1.5281188,-2.0281188,-2.428119,-2.928119,-2.228119,-4.528119,-4.628119,-4.528119,-3.628119,-4.328119,-3.8281188,-4.228119,-4.828119,-4.328119,-3.5281188,-3.228119,-2.5281188,-2.8281188,-2.128119,-0.9281189,-1.7281189,1.7718811
-5.4281187,-5.528119,-2.8281188,-2.0281188,-2.728119,-2.228119,-1.5281188,-1.2281189,0.4718811,-0.6281189,1.9718812,7.171881,1.6718811,2.371881,5.0718813,5.471881,10.471881,9.771881,9.771881,9.471881,9.671881,8.3718815,7.671881,6.371881,6.171881,6.471881,4.771881,5.671881,4.171881,4.471881,3.6718812,2.771881,0.7718811,0.5718811,2.1718812,1.2718811,0.7718811,-1.1281189,-0.2281189,-2.128119,-1.928119,-3.8281188,-4.9281187,-3.728119,-3.5281188,-3.428119,-3.5281188,-2.628119,-4.728119,-4.528119,-3.628119,-2.8281188,-1.3281189,-1.3281189,-0.5281189,-1.3281189,-2.0281188,0.5718811
-5.028119,-4.028119,-2.928119,-2.128119,-2.228119,-1.3281189,-1.7281189,0.6718811,0.7718811,2.371881,3.771881,7.271881,6.871881,6.271881,8.3718815,5.371881,4.371881,8.571881,12.071881,11.171881,10.3718815,10.071881,9.071881,8.3718815,7.771881,7.971881,6.671881,6.371881,5.971881,5.5718813,4.671881,3.771881,2.771881,1.2718811,2.6718812,2.6718812,2.4718812,0.7718811,1.4718812,0.2718811,-0.5281189,-1.428119,-2.8281188,-2.3281188,-3.628119,-2.728119,-3.128119,-1.6281189,-3.0281188,-4.128119,-3.0281188,-2.8281188,-1.7281189,0.17188111,0.2718811,-0.42811888,-2.0281188,-0.3281189
-3.728119,-2.628119,-2.3281188,-1.2281189,0.5718811,0.5718811,0.7718811,3.9718812,3.4718812,3.571881,4.871881,7.771881,8.471881,7.0718813,9.971881,8.471881,8.771881,8.171881,8.171881,8.271881,13.071881,11.271881,10.671881,9.771881,9.071881,8.771881,7.871881,7.671881,7.271881,7.471881,5.271881,5.271881,3.9718812,3.6718812,1.4718812,2.6718812,3.771881,2.9718812,2.371881,1.2718811,0.5718811,0.7718811,-1.7281189,-0.9281189,-1.3281189,-3.0281188,-2.5281188,-1.6281189,-1.8281189,-2.8281188,-2.228119,-2.8281188,-1.5281188,-0.2281189,0.4718811,0.7718811,-0.8281189,1.3718811
-4.028119,-1.928119,-0.9281189,-0.7281189,1.3718811,1.9718812,2.4718812,3.9718812,5.0718813,5.171881,5.471881,6.871881,9.271881,9.071881,11.071881,10.971881,12.771881,11.171881,8.771881,8.3718815,8.971881,7.671881,13.471881,11.771881,10.471881,9.471881,9.171881,8.3718815,7.871881,7.371881,7.371881,6.271881,5.471881,4.471881,4.271881,3.871881,3.4718812,3.4718812,3.571881,3.4718812,2.6718812,1.3718811,0.8718811,0.6718811,0.2718811,-1.8281189,-1.2281189,-1.0281188,-1.2281189,-2.128119,-1.1281189,-1.7281189,-2.228119,-1.428119,0.0718811,0.9718811,1.2718811,-0.028118897
-1.1281189,-0.6281189,-0.6281189,1.4718812,1.1718811,2.571881,2.6718812,3.071881,3.371881,5.971881,5.971881,7.5718813,9.271881,9.771881,10.671881,10.971881,11.471881,10.671881,10.471881,11.8718815,8.471881,11.571881,10.471881,6.671881,13.171881,12.671881,10.8718815,9.8718815,9.471881,8.171881,8.071881,7.471881,6.5718813,5.471881,5.271881,5.0718813,4.5718813,4.371881,4.771881,4.171881,3.6718812,2.4718812,3.4718812,1.4718812,1.6718811,-0.028118897,-0.42811888,-0.028118897,-0.8281189,-0.3281189,0.0718811,-0.9281189,-1.3281189,-1.7281189,-0.42811888,0.17188111,0.0718811,-0.9281189
0.6718811,1.8718811,-0.42811888,0.6718811,1.4718812,1.1718811,0.7718811,2.271881,3.371881,3.9718812,5.171881,6.0718813,8.8718815,9.671881,9.971881,10.471881,10.171881,10.671881,11.471881,11.071881,10.8718815,10.771881,8.971881,12.3718815,11.171881,4.871881,11.3718815,10.471881,11.8718815,10.071881,8.8718815,7.771881,7.471881,6.471881,6.371881,6.471881,5.971881,5.171881,5.671881,5.471881,4.371881,3.371881,4.0718813,3.071881,1.9718812,1.9718812,1.071881,0.8718811,-0.1281189,0.6718811,0.5718811,0.6718811,-1.2281189,-2.0281188,-1.3281189,0.8718811,1.2718811,-1.428119
1.2718811,0.5718811,0.5718811,-0.1281189,1.571881,0.2718811,0.3718811,1.571881,2.9718812,2.071881,1.2718811,0.9718811,0.7718811,2.771881,5.771881,8.271881,9.3718815,9.8718815,9.171881,8.971881,11.171881,11.8718815,10.471881,10.671881,13.271881,10.3718815,8.971881,8.171881,9.8718815,11.771881,10.571881,9.571881,9.8718815,8.071881,6.971881,7.371881,7.0718813,6.0718813,6.171881,5.671881,5.871881,4.471881,4.471881,4.171881,4.271881,4.0718813,3.1718812,2.771881,1.9718812,1.3718811,1.571881,1.571881,-0.028118897,-0.9281189,-0.8281189,0.6718811,-0.2281189,-0.7281189
1.8718811,0.6718811,-0.3281189,0.7718811,2.071881,1.6718811,0.9718811,0.4718811,0.9718811,1.3718811,1.1718811,0.0718811,-1.5281188,-0.7281189,0.8718811,4.271881,5.371881,6.471881,8.3718815,9.271881,9.971881,10.471881,11.571881,9.171881,11.671881,10.071881,7.5718813,6.371881,7.271881,3.271881,7.0718813,9.171881,11.971881,8.771881,7.5718813,8.971881,8.071881,7.171881,6.771881,6.671881,6.271881,6.371881,4.471881,5.371881,5.0718813,4.371881,3.4718812,4.5718813,3.571881,3.771881,2.271881,2.9718812,1.4718812,-0.1281189,-1.1281189,0.17188111,0.4718811,-2.428119
2.571881,2.6718812,0.0718811,0.4718811,1.9718812,1.1718811,-0.42811888,-0.8281189,-1.3281189,-1.6281189,-1.6281189,-1.6281189,-1.3281189,-1.428119,-2.8281188,-3.8281188,-2.428119,-0.8281189,3.1718812,4.971881,7.5718813,9.771881,10.971881,9.8718815,8.771881,10.971881,9.671881,8.771881,9.071881,3.9718812,5.871881,5.271881,2.871881,4.871881,5.871881,11.3718815,9.971881,8.671881,8.171881,7.971881,7.171881,6.471881,5.471881,5.171881,6.5718813,5.471881,4.871881,4.271881,4.471881,3.9718812,4.171881,3.771881,2.871881,1.1718811,0.8718811,0.2718811,0.8718811,-2.228119
1.7718811,0.8718811,-0.1281189,0.3718811,1.6718811,0.5718811,-0.028118897,0.0718811,-1.6281189,-3.728119,-3.428119,-2.8281188,-1.6281189,-2.128119,-3.3281188,-4.228119,-4.628119,-3.0281188,-1.428119,0.2718811,3.071881,4.771881,6.871881,8.771881,8.471881,8.771881,8.771881,7.971881,8.171881,6.771881,8.071881,5.971881,6.271881,5.471881,7.371881,6.871881,12.971881,8.571881,7.671881,8.271881,7.271881,7.371881,6.771881,6.471881,5.971881,6.0718813,5.671881,5.671881,4.771881,4.771881,4.371881,5.271881,3.9718812,1.2718811,2.071881,0.6718811,0.8718811,-0.7281189
0.8718811,-0.3281189,-0.1281189,-0.6281189,0.0718811,-0.3281189,-2.3281188,-2.3281188,-1.5281188,-3.3281188,-3.428119,-3.5281188,-4.528119,-4.128119,-3.928119,-3.728119,-3.5281188,-4.128119,-4.228119,-4.4281187,-2.0281188,-1.7281189,1.071881,4.671881,6.671881,7.871881,7.471881,5.171881,5.471881,5.771881,5.771881,7.371881,7.171881,6.171881,4.771881,2.271881,4.471881,7.0718813,6.471881,9.271881,8.571881,8.3718815,7.271881,7.871881,7.671881,5.971881,6.471881,6.0718813,5.871881,4.971881,4.271881,3.6718812,5.0718813,2.571881,2.071881,2.071881,0.5718811,-2.0281188
-2.3281188,-0.028118897,-1.1281189,-0.2281189,0.9718811,-0.5281189,-0.7281189,-2.5281188,-2.428119,-4.328119,-5.9281187,-6.628119,-6.4281187,-6.328119,-6.528119,-5.9281187,-5.4281187,-5.228119,-5.628119,-5.828119,-4.828119,-2.428119,-1.6281189,2.6718812,5.171881,6.971881,3.771881,1.9718812,2.371881,4.171881,0.3718811,-1.2281189,-1.5281188,0.17188111,1.7718811,2.871881,3.4718812,4.0718813,4.771881,8.971881,9.271881,8.571881,8.771881,8.071881,8.071881,7.971881,6.771881,7.871881,5.971881,6.371881,4.771881,3.871881,4.171881,3.371881,2.871881,1.071881,0.6718811,-0.7281189
-0.3281189,-0.8281189,-1.6281189,-0.5281189,-0.3281189,-1.7281189,-2.228119,-4.528119,-4.828119,-4.628119,-6.228119,-7.9281187,-7.4281187,-7.828119,-7.828119,-7.628119,-6.128119,-6.128119,-6.328119,-5.828119,-5.628119,-5.128119,-3.728119,1.3718811,3.371881,2.6718812,1.7718811,1.571881,-0.2281189,-0.7281189,-2.228119,-4.9281187,-3.628119,-3.428119,-3.128119,-0.9281189,5.271881,6.5718813,4.171881,4.171881,9.3718815,8.8718815,8.771881,8.571881,7.771881,8.071881,7.671881,8.171881,7.671881,5.471881,6.271881,3.4718812,2.871881,2.771881,1.7718811,0.4718811,-0.8281189,3.771881
-1.1281189,-1.428119,-1.8281189,-0.2281189,-0.2281189,-2.5281188,-3.228119,-4.328119,-5.128119,-7.528119,-7.828119,-7.4281187,-6.4281187,-8.1281185,-7.228119,-6.9281187,-6.728119,-6.528119,-5.4281187,-6.228119,-6.828119,-8.1281185,-8.028119,-8.6281185,-10.328119,-2.3281188,2.571881,1.7718811,-5.628119,-5.828119,-6.9281187,-4.028119,-4.328119,-3.928119,-4.128119,-4.328119,-2.3281188,-3.128119,-1.428119,3.571881,1.2718811,1.071881,10.8718815,8.171881,9.271881,9.571881,9.271881,9.071881,7.671881,7.271881,6.671881,4.271881,2.371881,1.3718811,0.9718811,0.5718811,-1.5281188,4.871881
-0.7281189,-2.5281188,-3.228119,-2.228119,-3.0281188,-4.9281187,-0.8281189,-4.228119,-7.228119,-7.628119,-6.828119,-6.328119,-6.328119,-7.028119,-7.828119,-6.828119,-6.328119,-6.9281187,-6.9281187,-7.328119,-8.028119,-9.1281185,-9.428119,-12.1281185,-12.1281185,-11.1281185,-13.228119,-13.928119,-11.828119,-10.728119,-9.928119,-8.1281185,-7.528119,-5.528119,-2.928119,-2.3281188,-0.1281189,0.0718811,-2.228119,-2.128119,0.7718811,1.6718811,-0.7281189,-2.428119,-3.428119,9.071881,10.771881,8.8718815,8.571881,8.171881,6.5718813,4.771881,2.271881,0.3718811,-0.1281189,-0.6281189,-1.0281188,1.4718812
