public/wind-global.json
{"header": { "discipline":0, "disciplineName":"Meteorological products", "gribEdition":2, "gribLength":52992, "center":7, "centerName":"US National Weather Service - NCEP(WMC)", "subcenter":0, "refTime":"2026-07-07T00:00:00.000Z", "significanceOfRT":1, "significanceOfRTName":"Start of forecast", "productStatus":0, "productStatusName":"Operational products", "productType":1, "productTypeName":"Forecast products", "productDefinitionTemplate":0, "productDefinitionTemplateName":"Analysis/forecast at horizontal level/layer at a point in time", "parameterCategory":2, "parameterCategoryName":"Momentum", "parameterNumber":3, "parameterNumberName":"V-component_of_wind", "parameterUnit":"m.s-1", "genProcessType":2, "genProcessTypeName":"Forecast", "forecastTime":0, "surface1Type":103, "surface1TypeName":"Specified height level above ground", "surface1Value":10.0, "surface2Type":255, "surface2TypeName":"Missing", "surface2Value":0.0, "gridDefinitionTemplate":0, "gridDefinitionTemplateName":"Latitude_Longitude", "numberPoints":65160, "shape":6, "shapeName":"Earth spherical with radius of 6,371,229.0 m", "gridUnits":"degrees", "resolution":48, "winds":"true", "scanMode":0, "nx":360, "ny":181, "basicAngle":0, "lo1":0.0, "la1":90.0, "lo2":359.0, "la2":-90.0, "dx":1.0, "dy":1.0 }, "data":
[rows 26 to 51 of 181, columns 120 to 179 of 360]
2.194461,2.8944612,3.994461,2.094461,1.794461,1.994461,2.594461,2.994461,1.794461,1.894461,1.1944611,3.094461,2.3944612,3.194461,3.794461,4.494461,4.394461,5.094461,2.794461,2.094461,-0.80553895,-2.505539,-2.6055388,-0.7055389,0.89446104,0.39446107,-0.60553896,-0.30553895,-0.10553894,0.39446107,1.494461,2.594461,1.994461,3.794461,3.094461,1.6944611,2.3944612,4.494461,3.994461,3.594461,2.994461,4.094461,2.794461,3.3944612,3.694461,3.494461,1.394461,2.194461,6.394461,6.2944613,5.194461,4.394461,3.794461,2.494461,0.89446104,3.3944612,1.994461,2.194461,0.99446106,2.294461
2.994461,2.8944612,3.094461,2.194461,2.594461,4.694461,2.694461,2.3944612,1.894461,1.494461,2.094461,2.494461,2.294461,1.6944611,1.5944611,1.6944611,2.294461,4.394461,1.894461,1.294461,0.5944611,0.5944611,-1.705539,-3.505539,-4.105539,-1.205539,-1.3055389,0.7944611,0.7944611,1.1944611,0.39446107,2.3944612,3.3944612,2.994461,4.194461,2.694461,1.794461,3.8944612,2.494461,2.494461,2.794461,1.994461,3.094461,3.694461,2.294461,1.294461,2.694461,4.694461,5.2944613,7.194461,3.3944612,-0.10553894,-0.20553894,-0.30553895,0.99446106,1.994461,0.99446106,3.994461,3.3944612,2.094461
2.8944612,2.8944612,2.8944612,2.594461,2.194461,2.594461,2.694461,2.3944612,2.494461,2.494461,2.794461,2.594461,2.494461,2.194461,1.794461,2.594461,2.994461,1.894461,-0.30553895,-0.50553894,-0.0055389404,0.19446106,2.494461,0.09446106,0.5944611,-0.60553896,-1.205539,-0.60553896,0.69446105,1.0944611,3.094461,3.094461,2.494461,2.094461,2.094461,1.5944611,3.094461,1.794461,1.894461,2.594461,3.8944612,0.69446105,1.0944611,1.394461,7.094461,4.094461,3.094461,6.694461,3.194461,-0.50553894,0.19446106,0.5944611,1.1944611,2.594461,3.094461,3.8944612,4.194461,4.2944613,3.694461,3.694461
2.794461,2.794461,2.594461,2.694461,3.3944612,2.3944612,1.994461,2.294461,2.194461,2.8944612,2.694461,2.3944612,1.994461,1.494461,1.994461,2.594461,2.494461,1.6944611,1.1944611,0.19446106,-3.305539,-0.0055389404,0.69446105,0.7944611,0.09446106,2.294461,0.7944611,2.294461,1.1944611,3.294461,0.5944611,2.3944612,1.494461,1.394461,-0.40553895,2.094461,0.99446106,-0.30553895,2.8944612,4.694461,4.694461,1.994461,7.2944613,5.994461,2.694461,-0.0055389404,-0.80553895,1.494461,-0.20553894,-2.6055388,0.89446104,-0.0055389404,1.894461,3.994461,5.894461,5.394461,5.194461,4.7944613,4.2944613,4.194461
2.294461,2.294461,3.3944612,3.494461,3.494461,4.094461,3.494461,2.594461,1.794461,1.494461,1.394461,1.794461,1.494461,1.894461,1.794461,1.994461,2.094461,0.09446106,0.19446106,-0.10553894,0.19446106,0.5944611,0.69446105,1.0944611,0.7944611,1.894461,1.5944611,1.6944611,1.494461,1.494461,1.894461,0.49446106,0.7944611,2.794461,2.3944612,0.89446104,2.694461,5.994461,6.694461,7.594461,8.794461,9.194461,2.3944612,0.69446105,-0.7055389,-2.405539,-1.9055389,3.294461,0.7944611,0.39446107,0.39446107,4.694461,5.2944613,5.2944613,4.394461,4.194461,3.494461,3.194461,2.994461,2.494461
1.794461,2.094461,2.794461,3.094461,4.2944613,3.094461,1.294461,1.994461,1.794461,2.094461,1.494461,0.69446105,-0.0055389404,1.5944611,1.894461,1.294461,1.5944611,0.89446104,0.99446106,-0.60553896,0.7944611,-0.40553895,3.594461,2.594461,0.7944611,2.094461,0.89446104,2.8944612,2.494461,1.494461,2.094461,2.3944612,-0.50553894,0.69446105,3.494461,5.094461,6.2944613,7.094461,7.994461,7.994461,5.394461,1.794461,-0.10553894,0.09446106,-1.8055389,-0.50553894,0.89446104,1.5944611,2.494461,2.594461,2.8944612,2.694461,2.494461,2.8944612,1.5944611,1.394461,1.294461,0.7944611,0.5944611,0.5944611
3.3944612,3.3944612,5.494461,4.894461,3.3944612,5.194461,4.994461,1.6944611,1.794461,-0.40553895,1.5944611,1.6944611,1.0944611,1.394461,2.3944612,1.894461,1.5944611,1.5944611,0.69446105,-1.105539,0.99446106,4.7944613,2.294461,1.894461,2.094461,3.194461,3.294461,3.194461,3.494461,3.194461,2.8944612,2.594461,2.494461,2.594461,3.194461,4.594461,4.894461,5.2944613,3.3944612,2.594461,1.494461,-1.9055389,-0.60553896,-1.605539,1.794461,3.694461,3.494461,2.594461,1.894461,1.1944611,0.69446105,0.19446106,-0.10553894,-0.60553896,-1.105539,-1.4055389,-1.505539,-1.205539,-0.80553895,-1.205539
1.6944611,1.1944611,2.994461,6.194461,1.894461,2.8944612,1.6944611,2.3944612,2.8944612,2.8944612,1.394461,0.7944611,0.99446106,0.5944611,1.6944611,1.294461,1.294461,-0.60553896,0.89446104,3.8944612,2.094461,2.094461,1.5944611,1.294461,2.794461,3.694461,3.994461,3.994461,3.794461,3.3944612,3.094461,2.794461,2.294461,2.694461,2.494461,2.694461,2.794461,1.5944611,2.294461,1.894461,-1.705539,1.1944611,0.7944611,5.2944613,4.2944613,5.594461,3.494461,2.094461,0.69446105,-0.60553896,-1.505539,-2.305539,-3.205539,-3.1055388,-3.1055388,-3.305539,-2.905539,-3.305539,-3.005539,-2.805539
1.5944611,2.494461,1.1944611,1.5944611,2.194461,3.794461,2.8944612,1.494461,1.394461,1.1944611,0.7944611,-1.105539,-0.0055389404,0.19446106,0.39446107,1.294461,0.49446106,2.194461,2.494461,2.8944612,1.894461,1.394461,0.19446106,0.09446106,2.194461,3.294461,3.694461,3.594461,4.194461,4.194461,3.3944612,3.194461,2.094461,2.094461,1.0944611,0.7944611,0.29446107,0.89446104,-1.505539,-2.305539,1.1944611,-1.8055389,2.494461,2.794461,5.194461,4.094461,1.494461,0.09446106,-1.105539,-2.405539,-3.505539,-4.405539,-4.605539,-5.2055387,-5.405539,-5.605539,-5.2055387,-4.905539,-4.305539,-3.705539
-0.50553894,0.69446105,0.39446107,1.494461,-0.10553894,0.19446106,0.99446106,1.0944611,1.294461,0.99446106,0.7944611,0.29446107,-0.40553895,0.29446107,1.394461,1.894461,0.49446106,1.294461,0.19446106,0.49446106,0.19446106,-0.40553895,0.29446107,0.99446106,3.094461,3.194461,3.094461,3.994461,4.594461,4.7944613,4.194461,3.994461,3.094461,1.0944611,0.29446107,-0.60553896,-1.705539,-1.105539,-0.9055389,0.09446106,-1.8055389,0.7944611,0.5944611,6.694461,4.894461,1.794461,-1.105539,-1.9055389,-2.705539,-4.005539,-5.005539,-5.305539,-6.305539,-6.7055387,-6.805539,-6.605539,-6.405539,-5.505539,-4.805539,-3.805539
-0.10553894,1.1944611,0.29446107,0.5944611,0.89446104,0.69446105,1.1944611,-0.40553895,-1.3055389,-0.30553895,-0.20553894,-1.005539,0.29446107,-0.7055389,-1.3055389,0.99446106,1.794461,-0.9055389,-1.005539,-1.705539,-0.7055389,-1.505539,1.794461,1.5944611,2.494461,2.694461,3.294461,3.994461,3.994461,4.394461,3.494461,4.194461,3.294461,1.5944611,-0.10553894,-2.505539,-2.905539,-0.20553894,0.09446106,1.1944611,1.794461,4.594461,4.7944613,4.2944613,1.894461,-1.3055389,-1.205539,-3.805539,-4.605539,-5.305539,-6.105539,-6.905539,-7.505539,-7.2055387,-7.405539,-7.005539,-6.405539,-5.2055387,-2.805539,-0.40553895
-1.4055389,-1.505539,-0.50553894,-0.0055389404,0.29446107,0.39446107,0.19446106,0.7944611,0.89446104,0.19446106,0.7944611,1.394461,-0.50553894,-0.40553895,-0.7055389,0.19446106,0.19446106,0.49446106,0.49446106,-0.0055389404,-0.7055389,0.39446107,-1.005539,0.29446107,1.294461,1.494461,2.794461,2.8944612,3.994461,4.7944613,5.194461,4.694461,4.194461,2.694461,0.39446107,-1.705539,-2.505539,-0.80553895,-0.10553894,3.494461,2.3944612,5.494461,4.394461,2.194461,-0.9055389,-1.8055389,-3.505539,-4.805539,-5.605539,-5.805539,-6.805539,-7.505539,-8.005539,-5.005539,-6.505539,-6.005539,-5.2055387,-3.405539,2.594461,4.194461
-1.205539,-0.60553896,-0.60553896,-0.50553894,-0.80553895,-0.30553895,1.294461,1.894461,1.994461,1.894461,0.29446107,0.7944611,1.1944611,0.89446104,0.39446107,0.29446107,-0.40553895,-0.10553894,-1.105539,0.19446106,-0.30553895,-0.50553894,-0.40553895,-0.7055389,-0.9055389,0.29446107,1.394461,2.094461,3.794461,4.694461,4.394461,4.194461,4.894461,3.3944612,1.894461,0.19446106,-0.80553895,-1.3055389,-2.405539,2.3944612,4.694461,5.2944613,3.3944612,1.1944611,-2.205539,-2.705539,-4.305539,-5.105539,-5.505539,-5.905539,-6.605539,-7.405539,-7.605539,-2.005539,-5.2055387,-3.305539,-0.50553894,2.494461,2.994461,4.194461
-1.3055389,-0.50553894,-0.7055389,-0.60553896,-0.60553896,0.09446106,-0.0055389404,1.294461,2.8944612,3.294461,2.3944612,1.794461,0.89446104,-0.20553894,1.1944611,-0.80553895,-0.80553895,-2.405539,-0.60553896,-1.9055389,-2.005539,-3.805539,-0.30553895,-0.7055389,-2.705539,1.894461,3.3944612,4.594461,4.994461,5.594461,4.994461,5.2944613,5.7944613,4.594461,2.994461,0.99446106,0.5944611,-1.705539,0.89446104,2.794461,2.794461,3.794461,2.794461,-0.30553895,-2.305539,-3.005539,-4.405539,-4.405539,-5.7055387,-6.605539,-6.905539,-6.505539,-5.405539,-1.8055389,-3.805539,-0.40553895,0.89446104,3.194461,3.3944612,3.294461
-0.7055389,-0.0055389404,-2.1055388,-1.005539,-0.7055389,0.7944611,1.5944611,0.39446107,3.794461,4.094461,2.194461,1.394461,1.1944611,1.494461,0.89446104,0.89446104,1.1944611,-4.005539,-0.30553895,-0.20553894,-0.30553895,-4.405539,2.694461,0.69446105,-2.205539,3.294461,3.194461,4.494461,5.394461,4.594461,4.7944613,5.194461,5.694461,4.7944613,3.594461,0.39446107,1.5944611,0.69446105,1.0944611,0.89446104,2.094461,1.5944611,-0.0055389404,-1.205539,-2.205539,-3.305539,-4.305539,-5.005539,-5.905539,-6.305539,-5.805539,-5.2055387,-2.805539,-1.3055389,0.19446106,0.89446104,2.194461,2.594461,3.094461,3.594461
-0.10553894,-0.20553894,-0.40553895,-0.30553895,1.0944611,1.794461,1.6944611,1.894461,1.5944611,2.8944612,4.394461,2.494461,-0.30553895,-0.80553895,-0.80553895,-1.8055389,-3.305539,-1.505539,-0.60553896,0.19446106,0.29446107,-1.9055389,1.0944611,0.49446106,-0.10553894,2.194461,3.194461,5.194461,6.194461,5.7944613,5.194461,4.694461,6.094461,4.7944613,3.694461,1.894461,1.394461,0.5944611,0.69446105,1.494461,-0.10553894,0.49446106,-1.205539,-2.405539,-3.1055388,-4.605539,-5.2055387,-5.305539,-6.005539,-5.905539,-4.805539,-3.705539,-1.005539,-1.205539,-0.0055389404,1.1944611,1.994461,2.694461,2.994461,2.494461
0.29446107,0.09446106,-0.0055389404,-0.0055389404,1.294461,3.294461,3.194461,4.394461,1.294461,1.994461,1.794461,1.6944611,0.7944611,-1.105539,-0.7055389,-2.005539,-0.80553895,0.69446105,0.69446105,-0.10553894,-2.1055388,3.694461,1.6944611,1.6944611,2.594461,2.8944612,4.994461,5.094461,5.994461,5.394461,6.094461,4.594461,6.2944613,5.994461,4.394461,2.8944612,1.894461,0.39446107,-1.005539,-1.005539,-1.4055389,-1.205539,-2.505539,-3.205539,-3.805539,-4.905539,-5.005539,-4.505539,-4.405539,-3.6055388,-2.905539,-2.505539,-1.605539,0.09446106,0.49446106,-0.10553894,1.6944611,2.8944612,2.8944612,0.99446106
1.394461,-0.80553895,1.1944611,3.694461,6.2944613,6.394461,5.2944613,4.2944613,0.7944611,-0.10553894,1.794461,3.3944612,5.694461,2.194461,1.0944611,0.89446104,-0.0055389404,-0.20553894,-0.0055389404,-1.705539,2.994461,4.2944613,1.0944611,0.89446104,2.3944612,3.8944612,4.094461,6.194461,6.594461,5.594461,3.994461,6.394461,6.394461,5.194461,4.094461,2.994461,1.994461,0.89446104,-1.605539,-1.9055389,-1.4055389,-2.505539,-3.205539,-3.505539,-4.105539,-4.505539,-4.405539,-4.2055387,-3.805539,-3.1055388,-2.6055388,-1.9055389,-1.505539,0.09446106,0.29446107,0.7944611,1.5944611,2.294461,1.394461,-0.7055389
0.7944611,0.5944611,1.394461,5.394461,6.894461,7.2944613,6.894461,4.994461,1.994461,-1.205539,3.294461,2.994461,5.7944613,2.994461,-0.10553894,0.69446105,-0.10553894,0.09446106,2.294461,1.894461,2.594461,4.394461,-0.50553894,-1.4055389,0.89446104,4.894461,6.594461,5.894461,5.594461,6.7944613,2.794461,6.194461,5.7944613,5.394461,4.894461,3.994461,1.494461,0.09446106,-1.8055389,-2.805539,-3.005539,-3.505539,-3.705539,-4.405539,-4.505539,-4.2055387,-4.105539,-4.405539,-3.805539,-3.205539,-2.405539,-1.505539,-1.005539,-1.3055389,-0.9055389,0.89446104,1.294461,-0.50553894,-2.705539,-1.9055389
1.994461,1.6944611,2.194461,5.2944613,6.694461,6.594461,5.7944613,4.7944613,0.89446104,1.394461,3.294461,2.794461,4.594461,0.69446105,1.494461,1.1944611,1.794461,3.594461,2.594461,1.5944611,5.494461,3.594461,1.294461,-1.3055389,0.19446106,4.094461,2.994461,5.694461,1.794461,5.7944613,6.094461,5.494461,5.494461,5.594461,5.094461,3.994461,2.094461,-1.005539,-3.1055388,-3.6055388,-4.405539,-4.2055387,-4.7055387,-4.405539,-4.7055387,-4.405539,-4.405539,-4.605539,-4.2055387,-3.505539,-2.305539,-2.205539,-2.205539,-0.7055389,0.09446106,-0.80553895,-2.305539,-3.505539,-2.805539,-3.1055388
2.8944612,2.694461,3.8944612,6.494461,6.994461,5.7944613,4.194461,2.094461,0.7944611,3.794461,3.494461,0.49446106,2.294461,0.69446105,1.0944611,1.494461,-0.20553894,2.194461,3.794461,1.894461,1.894461,6.994461,3.594461,-0.80553895,3.194461,2.094461,5.594461,6.594461,5.894461,5.894461,6.494461,5.594461,4.694461,4.194461,3.994461,3.494461,1.5944611,-1.005539,-3.1055388,-4.605539,-4.505539,-4.305539,-4.605539,-5.105539,-5.305539,-4.7055387,-4.7055387,-4.2055387,-4.2055387,-3.905539,-3.405539,-2.405539,-1.4055389,-2.905539,-2.905539,-3.705539,-3.005539,-4.005539,-4.7055387,0.7944611
1.6944611,3.8944612,6.494461,7.594461,6.094461,5.194461,2.3944612,1.0944611,0.7944611,1.1944611,1.1944611,-0.50553894,5.694461,1.294461,0.19446106,-2.805539,-1.105539,2.994461,3.294461,2.994461,6.394461,2.3944612,4.2944613,0.39446107,3.3944612,3.3944612,6.594461,5.7944613,6.094461,6.2944613,5.594461,4.094461,3.294461,2.194461,1.6944611,0.99446106,0.09446106,-1.005539,-2.405539,-3.705539,-4.505539,-4.2055387,-3.505539,-3.905539,-3.805539,-4.105539,-4.405539,-4.505539,-3.6055388,-3.005539,-3.305539,-3.805539,-3.905539,-3.505539,-3.705539,-3.705539,-4.7055387,-4.305539,1.794461,10.094461
3.8944612,4.7944613,4.894461,5.994461,3.8944612,4.394461,2.3944612,1.994461,3.194461,-0.40553895,-2.805539,1.494461,0.69446105,-1.3055389,-3.005539,0.39446107,0.19446106,0.7944611,4.394461,1.994461,1.894461,0.69446105,1.6944611,1.994461,2.594461,4.894461,6.194461,6.094461,5.894461,4.394461,2.8944612,1.894461,1.6944611,1.394461,0.7944611,0.69446105,-1.105539,-1.3055389,-2.705539,-3.6055388,-4.105539,-4.405539,-4.2055387,-4.605539,-4.505539,-4.505539,-4.305539,-4.7055387,-5.2055387,-5.005539,-3.905539,-4.405539,-4.905539,-4.7055387,-5.305539,-5.105539,-3.805539,3.994461,8.294461,8.494461
2.694461,4.894461,3.8944612,3.494461,1.6944611,0.99446106,-0.20553894,0.89446104,1.6944611,0.49446106,2.194461,4.494461,2.8944612,1.994461,1.0944611,-0.10553894,0.89446104,0.69446105,2.694461,-0.0055389404,-1.8055389,-1.205539,5.994461,5.594461,4.594461,6.094461,6.394461,5.994461,5.2944613,4.094461,3.194461,2.094461,1.294461,0.69446105,-0.40553895,-0.9055389,-1.205539,-3.205539,-3.305539,-4.005539,-4.105539,-4.305539,-4.7055387,-4.2055387,-4.605539,-5.105539,-5.305539,-4.7055387,-4.7055387,-4.805539,-4.7055387,-5.405539,-5.305539,-5.605539,-4.805539,-3.205539,5.7944613,7.7944613,8.894461,8.094461
0.09446106,6.7944613,5.894461,-0.40553895,1.494461,1.6944611,0.49446106,0.5944611,0.99446106,-0.80553895,3.294461,3.594461,2.694461,2.794461,2.8944612,1.6944611,1.294461,1.5944611,2.994461,3.494461,0.7944611,2.694461,7.094461,6.7944613,5.2944613,3.794461,4.994461,4.2944613,3.594461,2.994461,2.694461,1.5944611,0.69446105,0.19446106,-0.40553895,-1.705539,-2.505539,-3.1055388,-3.505539,-3.705539,-4.2055387,-4.805539,-4.305539,-5.105539,-5.105539,-4.805539,-4.105539,-3.505539,-4.505539,-5.805539,-5.805539,-5.805539,-5.905539,-4.905539,1.794461,8.794461,8.694461,7.894461,7.894461,8.694461
6.394461,3.8944612,0.7944611,5.494461,7.394461,1.5944611,0.89446104,0.39446107,-2.405539,-1.205539,0.49446106,3.294461,3.294461,2.994461,2.694461,1.6944611,1.994461,3.8944612,2.694461,2.094461,2.094461,3.294461,2.194461,5.094461,4.694461,4.194461,4.494461,3.694461,2.8944612,2.3944612,1.294461,1.1944611,0.7944611,-0.0055389404,-1.205539,-2.005539,-3.1055388,-3.805539,-3.905539,-3.805539,-4.2055387,-4.405539,-5.005539,-4.805539,-4.905539,-4.605539,-5.305539,-5.605539,-6.305539,-6.105539,-6.305539,-6.605539,-4.405539,2.494461,11.694461,8.094461,8.094461,8.694461,8.894461,7.2944613
